510
0
14258
9295
13913
13755
13660
14012
13982
13783
13542
13857
13938
13862
13954
13920
13572
13724
13956
13932
13781
13808
14030
13614
13690
13739
13790
13737
13822
14018
13609
13821
13537
14088
14000
13908
14004
13785
13766
13871
14125
13640
13696
13842
14037
13599
13705
13784
13589
13833
13702
13779
13879
13871
13722
13639
13866
13797
13835
13504
13432
14095
14032
13822
13894
13849
13646
13737
13874
13874
13560
13793
13980
13871
13629
13781
13806
13769
13842
13648
13618
13637
14067
14225
13913
13783
13685
14161
13563
13582
13841
13957
13791
13616
14212
13610
13681
13843
13952
13972
14033
13917
13664
13544
13799
13916
13948
14010
14150
13828
13757
13645
14074
13933
13992
13975
13835
13665
13956
13856
14142
13559
13650
13578
13818
13898
13896
13579
13799
13923
13949
13747
13320
13590
13830
13932
13763
14151
13830
13617
13838
13853
13738
13652
13969
13915
13581
13668
13737
13763
13823
13805
13645
13578
13781
13946
13737
13560
13706
13931
13521
13660
14106
13727
13585
13601
13652
13607
13704
13586
13688
13594
13536
13476
13585
13368
13481
13710
13435
13388
13677
13224
13068
13071
13255
12884
12811
12764
12835
12471
12489
12546
12329
12277
12534
12173
12119
12018
12235
12501
12199
12729
12465
12649
12684
13161
13027
12952
13003
13598
13275
13377
13208
13625
13334
13568
13631
13320
13502
13776
13710
13425
13804
13670
13598
13487
13581
14081
13595
13880
13581
13880
13494
13682
13740
10015
13771
13773
13598
13657
13767
13810
13789
13890
13468
13553
13750
14023
13864
13721
13712
13805
14039
13761
13746
13910
14111
13739
13657
13868
13873
13676
13520
14082
13830
14058
13805
13930
13661
13637
13871
13916
13992
13790
13824
13836
13578
13828
14120
13772
13636
14015
13734
13667
13851
14119
13994
13484
13593
13786
13612
13858
13662
13699
13906
13846
13913
13739
13577
13917
13805
13787
13743
13999
13632
13557
13827
13760
13794
13578
13875
13601
13667
13568
13478
13622
13449
13714
13464
13288
13347
13790
13353
13599
13345
13355
13064
13046
13502
12796
12799
13058
13152
12353
12313
12408
12574
12350
12174
12393
12019
12082
12162
12343
12618
12331
12415
12625
12311
12828
13046
12840
13196
13075
13286
13104
9295
13515
13367
13626
13503
13586
13211
13460
13771
13585
13765
13679
13333
13247
13721
13777
13676
13612
13780
13946
13721
13506
13575
13869
13971
13618
13842
13650
13754
13589
13790
13578
13971
13590
13893
13598
13792
13704
13948
13769
13834
13690
13761
13808
13994
13941
13705
13820
14258
13713
13623
13832
13944
13934
13824
13762
13821
13599
13692
13914
13863
14040
13890
13689
13507
13818
13934
13888
13786
13862
13740
13570
13472
14087
13826
13808
13873
14041
13869
13810
13775
13998
13740
13886
13809
13650
13666
13913
13881
13638
13888
13870
13594
13883
13823
14015
13774
13758
13861
14021
13806
13620
13914
13920
13607
14149
14134
13661
13859
13903
13856
13871
13967
13897
13835
13823
13947
13848
13754
13827
13976
13813
13777
13776
14011
13888
13819
14097
14006
13824
13784
13997
13980
13838
13766
13989
13838
13836
13857
13843
13777
14149
14017
14009
13370
14032
14002
13926
13434
13974
13822
13745
13692
13900
13798
13973
13971
13845
