1024
0
7267
2755
7082
6805
6800
7089
7020
6810
6720
6915
6932
6943
6967
7028
6763
6834
6918
6958
6810
7063
7092
6657
6862
6756
6765
6941
6872
7062
6830
6864
6777
7025
7075
6963
6937
6889
6949
6788
6968
6878
6876
6802
7112
6830
6705
6983
6766
6901
6960
6889
6967
6908
6697
6898
7004
6731
6889
6724
6838
6968
7016
6905
6990
6842
6936
6843
6789
7127
6744
6843
6928
6956
6803
6867
6877
6908
6976
6805
6874
6905
6835
6962
6981
6906
6853
7130
6677
6755
6915
6969
6901
6906
7061
6744
6808
6882
7034
7003
6879
7034
6979
6680
6977
6881
6974
7063
7060
6921
6866
6844
7065
6822
7040
6953
6867
6749
6921
6847
7093
6670
6841
6856
6985
6846
6877
6811
6996
6896
6957
6809
6586
6792
6993
6947
6870
6884
6917
6856
6920
6983
6851
6723
7004
7054
6893
6730
6740
7021
6924
6781
6793
6749
6901
6889
6816
6768
6777
7015
6767
6803
6975
6945
6799
6813
6831
6859
6689
6761
6910
6748
6829
6709
6643
6596
6804
6916
6731
6773
6779
6765
6455
6569
6620
6503
6435
6481
6469
6187
6136
6305
6261
6043
6226
6102
6016
6002
5979
6215
6187
6468
6167
6394
6347
6502
6471
6527
6507
6710
6701
6516
6630
6712
6589
6837
6840
6603
6754
6858
6814
6758
6981
6677
6879
6744
6743
6908
6767
6982
6718
6969
6735
6819
6855
3149
6857
6844
6832
6834
6890
6812
6805
6987
6798
6669
7046
7024
6755
6927
6949
6829
7085
6956
6965
7017
7080
6893
6900
6850
6894
6960
6683
6901
6923
7034
6741
7075
6777
6927
6824
6919
7063
6934
6883
7031
6695
7073
7054
6765
6817
7002
7076
6893
6916
6964
7157
6774
6735
7089
6883
6794
6811
6930
6957
6997
6898
6778
6839
6948
6945
6981
6815
7036
6908
6746
6876
6923
6924
6703
6999
6840
6817
6689
6900
6820
6640
6820
6677
6709
6678
6890
6682
6810
6661
6629
6614
6552
6682
6554
6510
6518
6662
6194
6082
6100
6181
6165
6192
6225
5864
6050
6046
6195
6398
6048
6120
6422
6105
6360
6343
6411
6700
6522
6624
6524
6540
6694
6611
6702
6763
6775
6657
6726
6831
6610
6910
6862
6686
6688
6743
6754
7012
6979
6749
7135
6829
6783
6820
6869
7068
6804
7016
6925
6793
6752
6956
6957
6879
6802
7164
6813
6906
6721
7084
6924
6956
6932
6865
6870
7071
7128
6808
7005
7152
6823
6816
6760
6961
6990
7038
6825
7161
6788
6695
6980
6974
7062
7043
6945
6753
6985
6982
7033
6952
6835
7024
6916
6681
7068
6777
6805
6981
7069
6964
6935
6749
7132
6851
7013
6902
6728
6933
6968
6934
6729
6926
7026
6782
7016
6678
6976
6842
6879
6942
7148
6815
6770
7014
6989
6807
7004
7185
6808
7097
6923
6982
6936
6778
6971
6960
6931
6908
6944
6895
6966
7023
6896
6963
6964
7036
6905
6878
7020
7186
6884
6965
6907
6981
6933
6841
7052
6991
6652
6891
6970
6820
6959
7148
6936
6759
6921
7091
6988
6693
7081
6882
6905
6903
6982
6908
6953
7107
7041
6851
6804
6864
7020
6890
6918
6789
6840
6940
6893
6741
6938
6911
7111
6611
7073
6869
7190
6957
6873
6966
7184
6847
6937
6925
6905
6999
7090
6819
6940
6820
7077
6941
6983
6975
6812
6814
6917
6953
6861
6859
6904
7039
6892
6875
6926
7189
6935
6874
6980
6762
6853
6949
7145
6800
6931
6900
6850
6991
6873
6919
6879
6932
7039
7145
6867
6812
6844
6962
6909
6947
6945
6733
6922
6907
6873
6889
6866
7026
6875
6905
6972
6892
7003
7049
7019
6791
6654
6716
7027
6834
6855
6952
6833
6754
6744
6847
6978
6889
6934
6997
6811
6660
6937
6786
6944
6983
7072
6807
6890
7106
6815
6897
6813
6923
6938
6896
6758
6878
6845
6864
6983
6886
6785
6729
6788
7092
6621
6834
6837
6961
6725
6826
6814
6903
7000
6755
6723
6892
6811
7031
6633
6664
7023
6978
6559
6647
6817
6855
6975
6940
6734
6554
6811
6740
6924
6756
6821
2755
6580
6662
6553
6496
6429
6703
6468
6206
6203
6295
6283
6220
6148
6116
6032
6155
6168
5982
6185
6393
6308
6231
6159
6490
6540
6289
6242
6820
6494
6450
6726
6684
6789
6671
6900
6669
6579
6787
6894
6809
6802
6578
6879
6850
6761
6876
6875
6870
6837
6951
6811
6724
6963
6928
6806
6860
6969
6738
6961
7015
6849
6949
6769
6851
7064
6729
6697
6858
6710
6837
7155
6935
6774
6658
7013
6819
7007
7066
6755
6883
6805
6941
6856
6929
6997
7047
6710
6884
6855
7064
7024
6907
7181
6837
6716
6979
7018
6757
6846
7031
6893
6781
6805
6954
6976
6763
6794
7109
6999
6704
6884
6670
6903
6984
6998
6877
6823
6766
6929
6914
6866
6885
6863
6759
6911
6863
6898
6828
7173
6838
6743
6719
6993
6823
6667
6896
6918
6748
6717
6791
6731
6745
6913
6578
6861
6574
6888
6496
6425
6556
6659
6337
6255
6298
6261
6012
6286
6256
6016
6103
6071
6308
6234
6068
6241
6353
6284
6366
6283
6376
6381
6635
6502
6613
6459
6898
6615
6704
6794
6677
6772
6942
6767
6707
6846
6778
6825
7015
6748
6821
6788
6786
6782
7131
6857
6754
6916
6929
6792
6921
7057
6880
6829
6852
7024
6899
6742
6997
6938
6688
6861
6965
6929
6887
6870
6918
6761
6913
7267
6893
6985
6837
6798
6734
6938
6992
7027
6803
6768
7019
7052
6833
6722
6809
6889
7049
7009
7035
6916
6968
7022
6952
7111
7009
6801
6891
6907
7090
6947
6974
7035
6822
6864
6685
6883
7154
6969
6918
6961
6873
6866
7151
6710
6890
6988
6926
6827
6886
7031
6832
6877
6932
7263
7232
6732
6744
6843
6866
6861
6929
6914
6826
6915
7052
6950
6816
6747
7085
6894
6710
7007
6904
6917
7016
7127
6594
6780
6946
7066
6862
6741
7025
6963
6912
6890
6742
6932
6823
6801
7000
6769
6925
7040
6820
6762
7157
7083
6817
6896
7067
6945
6925
7063
6760
6957
6779
6956
6950
6796
7025
6983
6828
6957
6938
6745
6971
6974
7038
6890
6809
6892
6987
6919
7006
6942
6822
6973
6962
6923
6860
6950
6831
7061
6803
6630
