511
0
14259
9367
13887
13867
13631
14039
13881
13735
13682
13890
13757
13885
13975
13947
13751
13726
13728
13849
13850
14037
14063
13406
13801
13716
13593
13925
13897
13862
13781
13821
13557
13982
13836
14026
13863
13834
14018
13684
13785
13962
14033
13564
13932
13870
13632
13753
13767
13703
13785
13822
13712
13798
13610
13861
14030
13473
13754
13795
13787
13750
13612
14034
14007
13760
13844
13852
13502
14021
13829
13591
13745
13907
13855
13782
13703
13823
13906
13668
13743
13749
13580
13695
14216
14169
13787
14009
13511
13787
13803
13797
13827
13896
13952
13456
13959
13748
13908
13965
13800
14003
14134
13564
13662
13749
13796
14102
14036
13868
13956
13754
13957
13624
14050
14065
13819
13772
13891
13763
14131
13679
13891
13746
13795
13569
13713
13864
14017
13665
13760
13838
13579
13730
13728
13747
13711
13869
13810
14125
13833
13745
13770
13594
13892
13983
13858
13591
13430
13961
13922
13524
13692
13775
13754
13720
13699
13826
13698
13808
13697
13720
13729
13803
13932
13597
13619
13648
13510
13510
13926
13576
13608
13555
13350
13363
13747
13689
13409
13568
13483
13382
13353
13028
13233
13007
13071
12862
12846
12470
12502
12590
12615
12284
12295
12336
12324
12074
12082
12233
12445
12754
12180
12656
12646
12757
12810
13187
13064
13137
13198
13404
13206
13573
13169
13750
13586
13338
13545
13576
13564
13676
13878
13345
13703
13737
13463
13652
13607
14155
13546
13868
13598
13730
13615
10013
13742
13712
13747
13763
13657
13635
13683
13985
13783
13573
13718
13908
13461
13928
14058
13624
13849
13935
13920
13822
13862
13789
13932
13699
13652
13979
13662
13620
13761
14216
13649
14101
13843
13783
13710
13629
14111
13932
13814
13888
13637
13880
13938
13522
13883
14009
13896
13907
13575
13738
14094
13931
13572
13802
13744
13495
13541
13995
13808
13768
13847
13628
13857
13909
13684
13951
13675
13842
13837
13710
13600
13734
13875
13541
13871
13715
13693
13450
13751
13699
13219
13622
13486
13605
13467
13471
13353
13711
13332
13420
13298
13280
13134
13050
13330
12760
12952
12734
12574
12259
12413
12473
12585
12411
11847
12219
12201
12229
12516
12198
12345
12705
12401
12564
12552
12880
13404
12952
13121
13081
13203
13275
9367
13525
13520
13699
13400
13538
13389
13344
13851
13837
13541
13507
13391
13314
13993
14002
13416
13770
13860
13594
13713
13592
13823
13805
13920
13742
13619
13477
13917
13794
13714
13423
14259
13602
13636
13507
13972
13908
13821
13780
13743
13629
13970
14066
13731
13818
14049
13639
13922
13652
13770
14062
14022
13770
13948
13727
13357
13793
13971
13996
13935
13924
13603
13730
13736
13868
13905
13691
13859
13943
13397
13723
13568
13825
14032
14074
13856
13907
13654
14007
13877
13880
13793
13603
13842
13892
13668
13676
13874
13936
13744
13860
13491
13844
13987
13919
13874
14027
13738
13645
14005
13840
13707
13936
13985
13953
14048
13777
13746
13917
13657
13908
14151
13857
13784
13836
13936
13870
13883
13759
13917
13881
13851
13719
13853
14003
14127
13964
13789
13852
13802
14023
13840
13957
13916
13589
13738
14155
13786
13832
14106
14127
13629
13995
13702
14099
13605
14020
13623
13799
13844
13822
13697
13872
13999
14062
13717
