7310
0
2542
0
0
0
0
0
0
0
0
0
0
0
0
0
0
0
0
0
0
0
0
0
0
0
0
0
0
0
0
0
0
0
0
0
0
0
0
0
0
0
0
0
0
0
0
0
0
0
0
0
0
0
0
0
0
0
0
0
0
0
0
0
0
0
0
0
0
0
0
0
0
0
0
0
0
0
0
0
0
0
0
0
0
0
0
0
0
0
0
0
0
0
0
0
0
0
0
0
0
0
0
0
0
0
0
0
0
0
0
0
0
0
0
0
0
0
0
0
0
0
0
0
0
0
0
0
0
0
0
0
0
0
0
0
0
0
0
0
0
0
0
0
0
0
0
0
0
0
0
0
0
0
0
0
0
0
0
0
0
0
0
0
0
0
0
0
0
0
0
0
0
0
0
0
0
0
0
0
0
0
0
0
0
0
0
0
0
0
0
0
0
0
0
0
0
0
0
0
0
0
0
0
0
0
0
0
0
0
0
0
0
0
0
0
0
0
0
0
0
0
0
0
0
0
0
0
0
0
0
0
0
0
0
0
0
0
0
0
0
0
0
0
0
0
0
0
0
0
0
0
0
0
0
0
0
0
0
0
0
0
0
0
0
0
0
0
0
0
0
0
0
0
0
0
0
0
0
0
0
0
0
0
0
0
0
0
0
0
0
0
0
0
0
0
0
0
0
0
0
0
0
0
0
0
0
0
0
0
0
0
0
0
0
0
0
0
154
154
159
159
135
173
156
158
177
168
161
157
143
162
152
164
149
170
157
158
154
160
165
176
154
167
153
171
132
131
155
139
155
162
155
137
153
158
137
171
174
123
148
158
145
149
149
141
144
140
158
137
140
140
149
161
134
146
147
144
163
150
125
140
141
140
150
142
137
142
145
137
118
145
158
141
128
125
138
105
133
148
133
150
130
130
120
124
112
135
119
117
127
130
137
102
132
114
109
119
102
113
118
111
117
97
116
113
110
114
99
119
111
114
108
95
109
112
87
103
95
98
77
110
83
110
87
109
98
93
88
95
100
107
106
88
102
86
95
86
116
86
112
83
100
86
105
101
89
81
100
65
83
84
82
93
90
69
91
87
95
82
91
77
86
95
77
100
75
88
85
72
80
86
78
87
92
80
83
86
104
96
66
60
70
76
98
78
85
81
82
67
78
65
90
87
82
87
83
72
93
72
92
68
86
76
87
98
78
76
92
79
99
91
68
79
84
66
71
79
92
83
86
73
103
85
79
87
65
81
86
83
86
75
87
68
58
75
92
76
94
97
69
87
87
88
90
88
95
84
85
87
87
94
93
84
99
98
74
90
78
87
87
97
83
95
76
100
80
87
98
95
99
109
95
98
85
106
101
89
85
96
97
116
98
93
93
86
96
93
100
94
81
94
105
101
84
102
103
101
106
95
98
100
115
104
99
120
117
106
115
125
115
124
104
126
131
118
120
98
111
100
129
125
119
105
142
116
115
119
126
115
138
108
142
119
131
143
125
129
125
129
114
138
120
123
126
122
139
139
125
124
159
127
131
159
137
152
126
132
154
139
135
147
133
141
147
166
149
157
164
171
140
147
140
148
150
167
147
138
147
150
144
151
178
161
131
160
131
167
165
152
138
164
145
176
156
176
164
164
146
147
173
171
164
146
146
156
148
142
158
152
163
163
158
155
152
141
187
172
164
155
147
154
149
170
143
184
139
157
154
152
158
146
186
146
170
157
154
145
173
142
156
173
182
171
146
169
187
194
177
179
167
184
180
170
158
166
163
156
175
166
159
160
184
156
156
170
180
174
160
184
161
166
153
165
163
161
180
169
173
171
175
163
203
168
144
182
146
186
198
177
197
192
197
195
193
194
170
166
187
193
168
216
199
183
186
194
217
192
188
221
217
240
221
218
227
216
240
248
199
221
226
248
235
257
239
250
240
219
249
257
250
243
263
292
236
284
273
276
303
310
327
297
317
310
332
308
303
322
293
306
342
378
379
387
382
387
425
408
394
362
417
443
437
432
504
436
501
485
500
477
504
506
557
562
564
584
626
576
603
605
659
674
659
733
688
721
706
692
712
724
813
798
813
843
820
809
888
835
850
862
847
910
929
968
932
924
1009
1029
1036
1054
1066
1061
1088
1066
1067
1096
1084
1165
1196
1240
1198
1183
1233
1255
1235
1299
1306
1323
1318
1336
1421
1484
1417
1427
1527
1489
1559
1537
1491
1599
1551
1592
1568
1570
1653
1723
1630
1757
1694
1746
1791
1825
1741
1839
1765
1885
1836
1896
1873
1904
1906
2027
1855
1958
1979
1965
1979
2055
2023
2139
2113
2084
2133
2132
2133
2185
2190
2222
2200
2266
2139
2315
2187
2251
2330
2297
2263
2257
2271
2219
2263
2388
2379
2305
2308
2315
2431
2339
2307
2299
2366
2391
2374
2386
2408
2505
2451
2403
2506
2386
2445
2502
2537
2354
2389
2366
2430
2416
2362
2395
2389
2542
2299
2383
2451
2536
2405
2408
2403
2331
2466
2472
2351
2372
2397
2506
2389
2309
2470
2359
2398
2343
2342
2303
2441
2296
2186
2399
2312
2277
2214
2267
2275
2245
2238
2201
2257
2216
2176
2176
2242
2104
2241
2204
2179
2300
2160
2185
2102
2265
2177
2073
2020
2060
2026
2038
2029
2048
2025
1969
1945
2000
2017
1900
1855
1872
1852
1882
1855
1840
1809
1701
1740
1786
1683
1732
1743
1676
1663
1652
1646
1712
1571
1599
1619
1649
1586
1489
1534
1418
1570
1442
1507
1455
1460
1405
1367
1459
1455
1451
1472
1372
1340
1366
1328
1348
1314
1229
1233
1194
1192
1240
1181
1200
1148
1140
1194
1146
1142
1083
1060
1055
1061
1049
1072
939
1009
949
919
944
1038
975
958
872
898
924
908
889
831
856
885
846
852
832
840
808
798
790
768
737
770
758
759
699
748
715
651
745
703
640
669
636
619
663
604
613
643
616
602
585
630
564
562
514
582
565
546
582
561
526
502
531
496
515
510
508
480
485
463
453
454
452
447
457
394
445
419
367
381
406
406
367
399
364
356
366
369
384
360
351
340
313
350
340
331
310
305
299
338
331
356
305
301
332
320
304
303
303
251
242
259
237
256
271
273
234
248
212
226
222
206
236
215
240
196
219
220
231
200
197
185
180
196
181
214
184
165
161
162
156
196
187
159
187
172
176
164
160
144
160
153
163
154
135
162
158
161
142
144
106
130
144
134
124
126
126
130
116
126
132
123
123
131
118
127
130
135
126
119
115
115
108
100
113
114
131
119
118
104
106
125
103
100
113
109
114
99
80
97
97
110
81
104
90
85
94
92
97
102
97
82
97
87
77
91
72
102
74
78
91
102
91
70
80
85
81
80
84
71
85
77
75
66
79
85
88
61
65
74
69
66
70
57
80
74
81
73
81
85
70
72
76
64
73
61
63
68
62
77
76
81
64
75
82
78
74
69
71
72
72
60
60
65
72
68
57
57
76
69
66
67
56
74
70
66
51
67
69
62
72
68
63
68
69
66
58
61
60
61
70
73
63
56
59
81
59
61
43
62
54
71
58
73
63
64
53
53
63
58
68
61
69
55
67
54
76
63
71
63
73
56
52
61
55
67
48
76
56
63
59
59
53
54
65
56
51
59
63
60
45
56
72
69
60
51
56
49
51
61
46
58
61
72
56
53
64
60
63
53
64
52
61
60
55
56
55
65
69
52
64
66
59
57
73
61
60
55
60
59
66
52
59
58
65
58
64
60
69
54
54
45
51
78
64
58
56
63
72
73
67
53
61
64
70
37
54
67
61
63
69
74
58
44
81
59
71
59
46
59
71
73
63
80
69
48
63
57
73
61
72
64
67
62
44
60
47
57
69
57
63
47
64
48
53
63
54
69
65
56
68
69
55
69
59
57
64
58
46
67
67
79
73
72
50
73
44
53
69
56
63
60
62
59
56
76
64
57
58
64
42
63
66
59
78
72
65
77
54
60
66
58
67
69
63
52
61
76
56
72
69
56
60
55
62
53
63
66
52
56
69
70
88
67
69
53
65
61
62
62
49
83
60
60
48
54
58
66
64
61
59
76
72
67
62
67
65
66
53
64
61
69
69
84
60
73
63
73
58
73
65
61
52
72
68
57
66
62
75
59
70
65
58
82
59
75
74
73
70
76
66
69
66
71
69
77
65
54
63
63
57
53
52
56
71
54
72
80
71
65
68
73
73
72
54
65
76
77
50
59
70
56
69
51
62
64
56
56
68
45
54
75
81
76
55
71
62
66
67
58
73
77
54
61
62
62
50
70
71
68
56
57
61
66
74
76
61
62
62
71
56
60
56
51
62
72
60
50
80
54
70
73
51
57
71
56
57
68
63
53
48
68
65
74
62
67
53
59
50
55
51
64
48
71
59
50
59
66
62
69
66
58
68
57
68
52
68
69
65
59
50
69
68
59
53
69
68
60
66
60
56
56
51
49
63
63
57
41
58
56
58
73
60
71
53
57
60
61
58
61
57
57
59
51
53
42
56
62
55
50
54
62
56
41
58
41
45
49
58
61
56
46
62
53
50
67
59
44
74
56
56
62
53
64
47
60
53
58
52
57
62
51
58
72
43
51
68
57
55
58
50
55
57
58
66
51
58
63
63
59
61
61
51
60
58
63
64
45
70
50
56
58
58
61
60
57
53
59
57
53
55
71
68
68
44
75
67
61
49
57
58
56
54
47
66
51
62
71
58
62
58
58
54
53
59
46
57
62
68
61
60
56
46
59
70
51
54
67
56
72
58
50
59
47
67
77
67
68
56
56
60
63
47
74
55
61
53
70
66
54
65
74
68
71
73
63
64
68
58
80
72
58
65
69
64
65
75
60
57
73
63
71
56
70
69
84
78
73
73
67
63
77
79
77
74
68
92
77
68
84
69
83
66
74
80
68
76
97
80
100
85
70
87
80
82
72
80
81
102
72
88
78
86
89
77
99
80
85
104
83
83
79
90
91
107
101
90
98
106
81
117
111
100
97
83
116
96
107
114
94
82
95
118
108
112
105
108
114
115
106
113
106
109
124
113
108
92
119
127
128
128
106
117
134
119
105
105
116
145
139
131
127
126
137
126
136
142
144
137
160
155
143
150
153
150
153
148
157
150
184
131
157
151
122
175
151
169
161
159
188
174
163
181
177
175
154
164
174
186
176
161
178
176
190
206
195
197
182
179
219
169
207
186
182
201
218
217
205
206
183
237
201
224
238
213
227
199
259
221
227
218
210
251
227
261
270
225
231
253
219
270
272
274
249
258
269
259
252
279
282
251
287
256
278
248
303
243
278
294
270
272
272
309
299
284
280
263
308
291
258
307
287
302
294
294
292
320
306
290
306
297
300
295
314
281
323
299
333
319
353
320
344
381
377
325
340
333
345
365
388
372
386
410
372
432
391
366
378
392
370
394
344
379
385
388
353
363
365
379
394
402
398
367
368
416
381
404
410
421
408
404
424
417
439
400
424
413
378
396
455
439
429
415
406
455
476
451
456
498
453
460
415
469
457
432
446
419
430
470
455
504
480
434
453
473
479
445
511
437
442
490
456
455
468
492
473
504
482
518
484
465
511
483
549
506
501
522
441
512
490
527
550
539
489
472
502
527
516
550
529
511
538
534
552
513
533
550
495
578
562
538
502
542
562
562
569
518
522
575
587
558
549
572
536
534
515
543
584
570
557
558
557
552
564
565
583
556
593
549
552
603
598
607
550
581
569
613
616
624
618
570
623
555
590
561
646
565
618
611
587
642
631
614
594
624
635
570
607
611
604
593
594
646
629
581
632
601
605
600
606
614
651
599
638
601
621
626
644
559
618
580
630
589
655
663
604
597
629
596
626
623
542
607
608
651
604
644
605
612
630
605
587
587
598
586
646
615
634
603
647
576
639
633
667
606
659
619
587
605
615
612
630
638
611
616
620
615
671
568
654
669
635
611
630
668
602
653
606
589
679
629
651
614
658
673
685
662
625
654
661
636
652
632
585
608
654
643
639
627
612
606
647
607
656
653
623
600
587
577
594
615
631
643
596
596
606
567
612
604
557
596
606
599
596
596
574
618
575
607
602
554
649
578
585
570
627
593
553
565
608
600
589
608
577
601
541
590
590
626
521
528
623
530
612
588
557
575
561
529
536
570
552
579
531
537
576
564
518
557
562
573
522
519
552
533
541
472
491
503
530
544
515
539
554
553
529
516
483
473
529
554
478
523
465
491
507
501
477
506
491
482
484
468
516
513
512
532
481
496
471
505
469
458
516
470
496
460
495
474
451
441
433
412
456
427
474
465
407
436
466
414
441
401
436
424
424
463
442
402
398
379
418
432
405
406
395
366
406
383
396
378
387
399
387
407
414
370
392
347
403
411
355
366
360
367
357
339
317
358
347
339
376
326
318
330
342
348
321
343
324
303
351
342
297
330
319
313
298
339
350
291
298
291
265
298
304
287
305
286
280
262
302
304
287
308
268
264
256
280
268
248
265
283
248
248
254
231
250
240
236
258
233
236
236
224
249
254
224
236
220
204
205
197
238
203
186
182
234
208
196
187
217
232
194
221
200
190
221
166
183
204
219
185
205
183
186
154
202
157
180
215
186
207
174
164
181
164
159
146
151
162
164
155
155
152
159
152
154
137
138
136
136
156
130
124
125
142
144
129
156
137
143
145
133
124
116
131
132
129
110
128
129
104
103
113
101
111
112
103
124
118
139
104
92
86
107
100
106
108
90
87
90
108
110
90
100
96
80
96
63
89
82
88
87
89
91
76
74
87
79
93
66
79
96
75
66
75
74
86
55
66
73
75
74
75
70
72
79
71
79
73
81
59
68
79
69
73
63
69
80
53
63
72
50
53
54
53
62
60
63
51
52
53
50
52
67
51
61
58
57
47
54
44
63
51
43
49
57
55
53
50
49
48
53
49
55
56
38
46
50
53
47
47
53
43
60
57
51
50
45
49
36
49
37
49
48
52
42
59
53
40
46
38
51
43
44
43
43
46
45
40
47
42
48
31
44
35
43
51
35
48
32
38
48
39
50
38
53
49
39
50
41
43
45
31
39
51
46
39
45
42
44
30
28
42
53
37
44
45
35
38
44
40
40
31
44
40
40
37
36
45
40
44
28
49
35
39
30
32
43
48
40
33
34
45
39
29
43
42
38
33
38
46
36
43
41
31
44
41
38
36
36
36
36
43
33
38
29
41
36
27
36
47
34
48
23
37
33
38
44
43
43
41
38
43
38
41
36
36
40
47
36
38
29
35
52
37
37
26
40
41
36
35
28
36
32
36
40
38
45
56
32
36
43
38
31
37
32
32
34
41
41
34
41
27
47
38
28
30
36
34
37
51
33
32
39
39
39
37
41
30
45
46
40
48
43
28
47
46
47
33
40
39
30
44
43
32
42
36
38
45
37
41
32
39
54
44
44
53
35
42
42
36
38
45
40
37
44
50
46
41
48
39
44
33
46
38
36
51
34
46
37
40
37
47
45
36
37
51
40
34
42
40
47
42
49
38
48
37
40
36
52
37
31
42
39
44
50
40
44
38
45
35
41
33
44
40
49
44
47
50
51
45
54
47
45
41
34
51
41
36
46
46
50
48
44
48
36
51
49
41
44
44
45
44
41
37
41
42
35
52
43
47
54
62
37
35
49
39
52
35
43
43
54
51
42
45
54
44
36
44
44
52
58
67
52
46
36
40
41
51
50
54
60
44
54
37
48
49
43
47
52
45
49
49
50
50
43
52
25
40
48
44
49
44
50
55
50
42
53
46
57
56
43
48
38
44
47
48
60
67
40
44
40
47
46
55
48
42
35
43
53
58
48
47
49
46
38
61
38
51
48
61
40
42
48
51
43
54
50
36
62
57
40
70
56
47
57
48
45
47
57
53
47
50
59
59
51
53
51
45
50
50
46
51
44
54
52
53
54
45
51
69
47
50
42
63
46
57
36
59
53
50
64
48
57
60
51
48
56
56
60
55
53
57
50
47
45
48
54
54
63
48
33
47
56
68
43
40
52
63
57
59
66
61
44
46
55
43
59
61
62
62
52
59
44
41
55
56
56
43
55
56
48
50
56
55
62
51
59
55
45
61
56
59
49
71
57
62
60
53
51
50
55
62
44
52
51
58
63
46
54
58
67
48
60
54
56
50
53
70
48
53
43
53
54
68
44
48
56
50
48
54
53
51
41
56
56
58
54
61
53
63
65
55
55
55
66
48
64
60
59
53
59
52
54
54
65
51
48
45
46
66
55
55
52
58
55
70
62
49
55
55
54
58
61
61
63
64
57
49
58
51
52
58
49
62
60
58
60
52
55
55
85
62
54
48
56
60
62
55
68
66
55
62
74
75
55
64
65
38
59
54
62
47
52
62
66
54
58
59
53
48
58
44
48
57
64
55
57
50
62
49
62
59
61
55
59
50
62
59
56
64
44
54
40
54
44
57
59
60
75
52
54
60
68
65
56
60
64
58
60
51
54
53
60
57
73
51
59
60
54
53
57
62
68
55
55
64
48
62
40
71
64
58
60
54
58
42
53
79
61
59
41
57
54
59
51
61
49
62
50
42
60
64
71
44
67
55
52
46
61
56
66
41
58
62
47
69
56
56
58
57
52
54
62
62
47
65
63
62
51
51
53
57
52
43
55
58
54
58
46
52
52
60
56
58
57
61
50
43
55
39
56
52
54
47
55
49
52
53
54
62
53
50
36
39
44
56
64
55
37
51
63
57
42
54
57
49
55
56
51
49
48
43
41
32
43
45
40
59
41
47
46
63
55
41
47
44
48
53
44
44
50
30
49
44
62
52
49
40
47
42
47
55
43
49
56
53
52
51
48
48
42
47
47
68
38
45
39
44
47
47
50
51
40
52
49
40
54
53
43
54
39
58
51
42
46
38
58
42
39
49
44
56
54
38
33
55
42
34
44
46
37
54
56
53
41
41
42
56
45
41
36
38
45
56
40
37
53
41
43
30
47
44
50
50
53
53
34
40
45
33
36
40
43
46
50
47
42
36
42
31
41
45
54
44
35
37
45
45
36
43
45
43
52
38
28
41
35
34
39
55
33
39
43
30
31
44
35
49
33
42
30
40
38
41
42
30
39
37
40
26
32
46
43
41
31
43
39
43
39
37
38
46
32
36
46
33
31
41
42
37
36
41
39
42
31
36
39
29
41
43
49
38
39
41
38
42
35
32
39
23
30
35
38
30
36
45
44
32
37
39
42
38
25
39
33
29
33
46
41
25
38
33
27
45
35
30
37
32
34
36
35
37
31
42
24
41
29
36
34
39
39
34
33
36
31
36
27
38
30
41
40
30
26
34
34
30
38
31
34
43
26
27
33
41
45
31
34
29
38
39
29
36
35
36
32
29
24
39
36
15
29
26
33
47
39
28
33
34
42
27
36
43
25
37
34
36
34
37
34
31
36
30
28
26
44
42
31
44
29
22
29
29
41
41
28
26
30
36
30
23
42
39
26
35
42
26
33
48
37
33
39
27
34
31
35
37
32
36
35
25
24
26
27
37
22
41
26
38
34
32
40
24
34
31
48
32
30
33
39
22
28
37
34
23
36
31
34
37
40
40
29
35
33
20
27
30
29
42
32
30
29
20
35
38
30
38
29
24
38
29
37
39
36
32
27
32
34
34
34
30
35
37
24
42
29
46
36
28
26
40
35
21
25
31
32
37
38
32
20
43
30
34
31
36
39
34
35
38
34
33
30
49
33
32
29
37
20
29
24
38
27
29
50
26
33
30
32
33
37
30
23
22
33
36
32
35
34
27
32
29
22
25
31
36
32
31
35
21
33
34
30
31
24
28
43
31
33
32
38
28
33
39
23
28
34
29
39
30
30
23
26
38
20
26
25
32
36
26
26
27
27
34
32
33
33
39
40
32
27
37
32
28
36
23
34
41
39
31
41
27
30
37
29
32
33
25
31
31
24
32
33
29
29
37
31
20
37
27
31
25
35
25
24
23
25
33
33
27
36
32
26
31
36
35
41
20
27
28
30
42
29
34
36
27
32
35
23
33
26
31
30
29
35
33
27
24
28
36
36
20
37
22
34
21
26
28
26
23
37
33
18
28
20
39
24
35
31
31
23
32
27
29
33
23
27
34
31
32
21
38
40
29
39
25
23
28
37
28
25
23
33
28
31
38
29
21
34
35
35
30
40
38
29
42
38
18
28
26
28
19
26
29
30
20
38
39
23
25
30
33
29
34
29
39
33
35
27
30
34
29
32
31
25
24
25
29
30
27
29
28
18
26
37
32
27
25
32
30
24
31
29
28
22
46
29
35
30
30
22
35
30
38
27
39
28
32
29
26
35
27
40
40
21
31
34
31
39
32
39
31
29
35
36
33
31
37
39
32
28
29
20
36
26
26
32
32
26
39
26
24
30
39
29
28
25
27
23
34
26
25
25
26
28
26
25
11
39
37
24
27
39
25
37
34
40
35
30
32
32
30
25
36
32
23
36
25
33
21
27
27
32
39
35
25
35
39
28
26
20
24
26
38
21
30
20
44
30
30
24
30
33
32
30
26
28
28
22
28
28
20
33
25
34
30
30
28
23
25
21
43
28
38
35
33
35
34
36
32
30
22
37
41
24
20
30
35
28
29
28
34
18
32
21
21
39
23
36
33
32
25
25
32
31
33
31
27
37
23
22
28
26
40
21
38
35
31
33
34
28
26
31
38
26
34
37
29
32
37
35
28
29
21
21
27
32
24
31
29
39
38
32
35
34
27
28
32
34
30
20
20
29
29
25
28
34
29
27
36
37
33
32
30
27
36
27
46
32
41
34
35
28
24
27
32
27
31
30
33
33
30
26
21
34
30
22
34
27
36
27
28
25
34
41
31
34
30
25
28
37
31
38
35
21
32
18
35
22
27
30
27
34
20
39
36
34
23
34
26
29
28
28
37
25
36
41
28
31
35
27
34
25
33
25
26
36
31
32
27
29
32
26
33
33
30
25
35
42
38
19
20
18
26
32
32
31
34
29
24
40
27
29
42
30
28
29
29
36
27
24
33
29
34
31
40
34
26
35
30
32
29
30
32
39
29
34
37
33
33
37
19
29
35
25
27
28
24
33
29
25
27
39
27
27
29
42
32
30
34
37
37
27
28
32
28
29
30
31
36
23
31
30
30
37
35
29
42
27
43
30
33
32
22
29
43
27
45
36
25
27
40
35
30
25
29
18
25
34
38
29
27
35
46
30
25
35
30
27
38
33
23
39
35
29
31
34
30
30
34
44
32
19
36
24
35
36
36
16
40
33
34
37
40
29
28
35
30
43
36
29
27
28
28
30
23
37
22
33
35
20
21
33
23
33
43
25
34
35
27
31
33
28
34
30
27
35
30
29
34
21
30
24
35
36
34
30
27
34
24
30
16
18
28
33
24
33
30
23
35
30
30
38
35
21
29
28
33
26
33
28
46
21
27
30
35
35
47
26
46
22
29
24
31
29
23
28
28
41
32
31
34
33
35
29
31
33
36
28
39
30
28
34
27
24
30
41
32
37
35
34
35
40
38
34
31
29
32
33
27
16
34
33
24
24
24
43
25
37
34
27
40
33
26
25
34
24
33
33
35
33
27
32
26
25
35
28
34
32
35
25
34
23
38
29
32
24
35
27
33
31
30
41
34
21
32
29
34
35
34
32
40
30
29
30
29
24
28
26
29
30
38
36
36
33
32
25
23
35
29
24
26
41
22
35
29
35
24
23
36
35
31
35
28
38
37
29
23
35
28
35
29
30
34
28
40
34
32
25
32
36
32
27
31
34
35
28
34
31
33
33
32
37
29
21
34
37
41
38
37
27
31
31
20
29
32
29
25
25
29
30
36
39
38
34
27
30
33
25
40
31
24
39
30
31
37
34
33
30
25
23
36
30
35
36
37
27
27
33
30
29
36
41
33
36
28
34
31
33
40
27
28
35
36
29
25
26
33
23
39
27
26
30
28
27
40
28
31
27
35
24
32
30
31
35
35
29
35
32
25
36
35
40
21
36
22
22
32
27
24
27
46
41
23
36
31
29
33
32
21
33
32
45
35
36
37
29
39
40
34
39
36
35
25
44
35
32
27
23
28
30
27
30
35
32
26
35
37
27
30
24
51
28
28
29
32
30
25
33
30
39
37
30
31
27
44
28
32
27
35
27
30
36
40
17
30
38
29
32
26
27
36
44
25
26
23
32
27
34
34
31
34
25
30
37
32
27
32
31
29
29
33
39
36
29
27
34
31
27
28
22
32
31
35
28
27
31
34
25
24
37
33
31
38
40
38
36
28
23
35
31
37
24
34
29
31
21
32
26
39
36
32
21
33
39
35
28
28
20
37
31
34
25
25
31
31
31
27
26
28
34
35
33
32
32
33
45
32
24
44
31
36
27
35
29
40
36
28
32
34
24
27
30
34
27
30
32
31
30
35
35
35
40
30
32
26
29
32
38
26
32
35
34
32
30
36
32
36
32
23
29
32
35
41
46
25
24
39
32
32
35
30
39
36
24
33
27
34
30
34
20
36
25
33
38
28
43
32
29
43
44
37
36
35
36
22
22
37
34
36
37
32
23
38
33
40
37
30
37
35
31
35
40
32
35
34
25
21
31
36
30
42
40
31
42
33
31
33
41
39
42
38
37
42
26
35
33
33
33
34
30
32
30
25
33
45
31
35
29
24
35
21
36
25
31
39
31
18
30
43
33
46
26
37
34
33
29
27
34
34
32
39
27
29
30
31
34
35
38
34
38
32
30
37
23
24
38
31
46
32
31
33
38
38
32
25
34
36
22
32
32
35
41
37
25
35
31
44
37
30
35
32
33
36
35
25
31
37
34
30
19
35
46
31
30
20
26
26
43
35
26
39
41
27
28
23
26
23
32
39
44
38
34
40
43
28
34
28
31
27
38
34
28
27
33
23
32
40
31
31
24
35
25
25
38
25
34
42
34
24
34
31
21
37
38
27
38
42
33
43
30
28
40
25
35
27
27
28
38
35
28
30
38
38
41
38
26
34
42
29
29
32
36
34
30
36
27
30
29
34
31
33
33
24
17
28
31
36
32
33
33
23
28
31
32
33
26
39
26
36
29
42
24
33
30
31
28
35
34
34
31
29
32
35
27
27
33
30
34
36
43
41
31
24
37
37
26
26
27
40
32
31
33
49
30
33
30
26
34
34
28
38
29
30
30
36
35
31
30
27
30
40
41
30
29
30
48
31
19
29
41
26
38
30
39
37
38
37
30
40
26
34
35
30
21
41
37
20
28
22
29
30
22
27
28
36
22
29
27
33
34
22
28
34
26
22
33
24
32
26
36
27
29
32
31
38
35
25
32
34
27
28
24
39
37
41
30
26
24
28
22
42
29
36
22
35
25
30
33
23
29
31
32
36
42
36
30
31
37
33
31
29
27
25
29
22
23
36
30
28
18
27
30
31
32
36
43
28
46
36
22
21
26
36
29
34
24
28
24
42
25
37
32
30
27
27
23
30
23
26
20
29
34
36
31
28
31
36
38
42
35
26
39
26
38
40
27
35
34
28
23
33
30
34
29
33
40
22
25
31
24
35
31
24
35
36
30
31
35
28
33
28
34
31
21
26
32
24
38
29
28
21
31
38
31
25
35
30
36
34
29
27
21
21
26
31
29
26
41
27
43
28
24
42
33
37
30
27
30
22
39
33
21
32
29
32
25
26
45
35
24
25
39
25
38
27
34
38
27
37
33
29
24
30
24
22
36
26
24
38
37
23
28
32
31
28
31
30
38
26
27
30
34
29
37
24
29
28
30
24
27
26
26
34
25
30
40
33
29
33
28
37
31
30
39
34
36
27
27
33
43
20
27
28
21
21
30
35
35
37
34
36
29
34
33
23
32
31
25
25
25
24
34
34
37
28
28
29
32
23
23
25
26
34
26
37
43
25
34
26
29
28
31
24
34
34
25
25
17
30
37
32
31
33
28
32
17
30
24
36
31
20
21
31
26
22
21
36
24
28
23
27
26
19
33
31
34
26
26
22
32
35
30
25
29
27
30
30
31
29
35
28
23
27
33
32
32
34
30
31
34
26
35
27
28
23
31
28
26
40
29
22
35
35
32
34
30
32
29
35
29
41
23
23
34
30
26
36
20
31
45
25
36
35
36
31
33
24
40
23
23
27
29
31
15
35
26
42
35
33
20
29
23
23
19
14
34
30
31
23
30
25
33
31
25
27
31
27
22
32
24
17
22
29
30
32
30
29
34
32
25
38
24
19
24
22
29
32
37
28
25
22
25
25
34
16
23
28
25
22
25
38
26
29
32
27
18
25
15
24
30
32
25
30
24
24
25
24
23
28
34
32
28
21
30
32
28
30
16
22
34
37
23
35
23
37
33
29
37
22
32
38
22
28
25
36
29
31
22
29
22
28
21
27
17
19
28
33
25
28
28
24
34
32
29
22
27
27
25
20
20
35
24
22
29
23
31
27
30
34
39
29
35
30
23
29
29
28
26
17
27
21
35
27
23
26
20
24
33
31
28
14
25
25
24
21
27
29
24
27
35
30
34
34
30
39
23
20
25
42
27
30
25
28
25
23
25
29
33
35
30
35
30
25
38
21
33
21
37
27
33
23
31
31
30
26
27
26
26
29
38
26
30
28
21
24
35
28
25
18
32
30
36
26
23
28
28
33
33
29
23
28
31
28
34
26
37
26
24
25
24
29
29
28
37
27
30
29
40
27
30
28
34
31
25
29
24
30
34
30
20
31
35
30
36
22
27
20
30
28
30
28
34
31
31
22
25
23
29
22
36
30
32
27
35
22
28
30
23
23
25
20
18
24
25
33
36
27
35
30
27
17
32
24
24
33
26
35
31
21
29
16
28
20
18
21
32
26
25
23
25
33
37
9
26
25
22
24
37
30
32
22
27
31
25
25
30
31
24
26
21
26
28
32
24
26
26
24
34
25
18
31
22
24
28
18
30
26
22
30
31
31
32
18
31
27
23
37
31
31
26
22
27
24
28
39
26
29
20
19
20
30
27
26
31
27
25
32
28
36
25
19
40
29
33
32
31
21
29
16
20
23
22
31
27
26
37
26
28
26
24
21
25
33
28
34
34
29
30
28
28
35
30
29
21
21
26
33
22
23
23
23
19
26
35
21
15
19
31
25
21
31
20
34
30
18
26
24
28
19
25
34
30
25
36
29
20
18
30
29
32
30
38
34
28
31
32
29
23
35
26
33
23
36
21
25
24
30
39
30
36
25
31
18
25
30
24
21
31
33
23
41
34
33
31
20
26
21
26
27
25
30
26
30
27
28
23
26
23
21
22
22
37
26
26
22
24
29
26
23
26
36
31
30
30
28
23
28
34
29
28
17
29
25
28
32
22
25
16
27
19
24
33
21
32
33
31
34
26
32
23
35
25
39
25
23
18
32
28
30
28
22
28
24
28
23
28
35
26
31
19
28
33
25
35
28
20
17
30
30
28
20
30
22
25
23
15
23
28
27
25
28
19
29
38
26
33
26
28
28
25
28
41
31
24
22
24
25
24
21
19
26
28
22
25
27
17
16
19
27
39
29
21
18
41
34
26
22
30
20
30
22
36
16
27
23
27
23
20
20
25
18
23
26
21
22
31
31
23
29
26
21
25
28
20
22
21
28
26
19
24
30
28
32
29
29
18
22
29
25
20
20
25
30
33
33
25
35
29
23
23
15
14
27
17
32
29
22
22
28
28
21
39
24
21
25
25
22
22
21
21
28
19
16
26
27
25
18
27
27
28
30
30
26
26
38
17
27
29
32
26
22
21
24
29
31
34
24
18
14
24
25
29
25
16
17
30
32
29
28
23
25
34
24
28
26
33
31
34
26
15
38
21
30
34
25
24
24
35
17
33
16
24
33
24
32
27
21
30
23
28
21
31
27
30
26
33
29
24
32
19
24
28
20
26
25
24
42
30
26
30
22
21
15
23
25
18
22
23
22
24
31
24
19
20
31
31
33
21
25
39
26
25
30
17
15
25
27
37
35
22
28
32
22
30
32
20
24
22
25
15
31
23
26
17
24
24
22
22
30
27
24
38
22
21
28
19
20
21
26
19
19
28
19
22
25
26
23
24
28
21
21
20
26
29
20
29
28
17
18
33
22
23
20
17
20
20
28
21
34
26
22
24
22
20
20
21
22
21
18
28
24
27
34
26
31
18
24
26
24
30
19
24
25
26
13
24
36
25
24
27
23
19
27
28
20
25
15
26
29
21
24
19
35
31
19
23
26
24
28
28
21
34
21
24
25
15
36
33
22
19
19
20
16
26
19
32
26
20
30
21
30
28
24
25
22
24
34
22
26
28
29
24
22
30
34
18
29
26
16
25
14
22
21
42
14
25
27
21
23
22
20
28
31
19
22
20
28
21
17
22
22
19
24
28
36
23
23
26
24
19
15
24
23
33
30
22
19
29
28
24
28
22
23
15
28
20
24
28
20
21
22
18
17
20
16
27
25
25
20
26
17
30
20
26
22
25
23
28
29
26
26
28
28
22
24
26
18
22
31
16
24
33
24
36
17
20
23
19
21
28
20
17
23
27
34
24
20
18
20
29
29
24
20
21
26
20
22
23
23
24
27
28
20
20
22
22
31
26
21
24
27
27
22
29
23
19
23
20
29
18
19
25
24
32
18
22
30
29
20
25
28
23
17
31
25
22
32
25
19
33
22
25
20
25
26
24
20
17
19
28
19
17
34
26
22
19
34
24
22
20
33
32
27
21
25
26
25
27
28
24
15
17
18
