510
0
3831
2138
3716
3739
3581
3652
3638
3554
3710
3654
3612
3733
3686
3614
3661
3780
3643
3693
3628
3628
3710
3519
3610
3628
3640
3643
3706
3627
3533
3632
3745
3655
3831
3682
3738
3725
3576
3736
3685
3605
3656
3666
3634
3598
3610
3533
3579
3661
3531
3564
3674
3680
3656
3610
3653
3705
3673
3587
3542
3629
3616
3660
3656
3597
3600
3597
3600
3610
3548
3609
3691
3507
3603
3658
3702
3762
3763
3643
3560
3659
3555
3672
3650
3640
3604
3691
3621
3652
3587
3562
3759
3615
3652
3614
3693
3733
3617
3591
3574
3569
3596
3628
3650
3669
3527
3665
3764
3714
3585
3739
3623
3638
3704
3678
3576
3705
3596
3676
3696
3584
3662
3645
3511
3718
3716
3652
3613
3672
3592
3634
3651
3672
3757
3602
3682
3569
3614
3596
3608
3632
3544
3648
3632
3659
3578
3600
3567
3738
3576
3608
3655
3611
3601
3675
3689
3634
3634
3648
3629
3530
3611
3578
3653
3609
3655
3482
3638
3670
3548
3623
3560
3607
3632
3628
3566
3655
3560
3582
3525
3561
3661
3607
3570
3662
3572
3556
3564
3553
3627
3530
3717
3610
3612
3662
3539
3514
3602
3683
3571
3560
3547
3444
3509
3562
3592
3604
3681
3530
3527
3487
3609
3543
3533
3596
3601
3465
3613
3556
3495
3538
3608
3457
3529
3559
3520
3475
3434
3537
3468
3466
3518
3483
3429
3404
3425
3347
3407
3426
3401
3282
3367
3458
3344
3233
3335
3170
3196
3143
3244
3166
3013
3021
3050
3027
2968
2922
2925
2886
2787
2648
2703
2637
2568
2577
2563
2367
2424
2329
2354
2264
2266
2327
2247
2245
2250
2257
2243
2254
2248
2138
2198
2328
2288
2181
2218
2242
2224
2344
2314
2326
2315
2460
2413
2439
2487
2557
2591
2612
2572
2767
2790
2767
2949
2946
2990
3076
3125
3019
3163
3062
3146
3208
3212
3194
3180
3252
3387
3284
3400
3339
3298
3301
3367
3418
3477
3318
3375
3472
3407
3536
3452
3510
3491
3477
3479
3494
3601
3580
3646
3471
3561
3500
3578
3427
3594
3481
3498
3485
3599
3461
3381
3616
3507
3614
3523
3595
3621
3600
3479
3624
3609
3569
3596
3542
3623
3415
3608
3624
3674
3627
3635
3627
3587
3710
3629
3549
3645
3567
3629
3573
3519
3647
3535
3633
3526
3426
3685
3661
3632
3652
3649
3640
3592
3626
3747
3579
3644
3751
3506
3753
3566
3638
3667
3640
3669
3688
3615
3515
3656
3603
3697
3663
3617
3751
3723
3629
3665
3696
3540
3580
3636
3630
3638
3657
3679
3680
3533
3528
3700
3585
3744
3638
3662
3721
3621
3587
3667
3715
3683
3620
3636
3559
3620
3694
3713
3582
3661
3570
3636
3662
3580
3676
3586
3521
3804
3689
3584
3601
3540
3616
3555
3649
3712
3606
3630
3546
3620
3718
3575
3695
3671
3571
3617
3735
3629
3764
3684
3666
3698
3633
3664
3654
3730
3601
3705
3715
3521
3761
3746
3648
3636
3584
3544
3669
3655
3571
3737
3740
3708
3658
3682
3567
3646
3649
3616
3601
3628
3708
3641
3565
3554
3651
