511
0
19154
13721
18957
18880
18853
18862
18877
19101
18992
18911
18941
18796
18865
18959
18708
19062
18995
18912
18692
19097
18885
18921
19062
18887
18830
18898
18819
18819
18815
19099
18821
18781
19131
18618
18997
18879
18817
18875
18863
18973
18770
18722
18854
18637
18971
18607
18914
18824
19034
18988
18785
18869
19009
18868
18695
18717
18793
18708
18696
18796
18805
18803
18629
18887
18609
18828
18488
18109
18619
18581
18521
18584
18388
18317
18616
18257
18386
18213
17898
18114
18349
18004
17920
17705
17524
17427
17178
16918
16588
16110
15781
15539
14946
14866
14056
14150
13721
14062
14063
14708
14905
15722
16273
16487
16693
17037
17577
17489
18041
17989
17623
17963
18293
17842
18244
18238
18574
18588
18626
18638
18447
18798
18482
18472
18691
18833
18652
18728
18496
18981
18776
18707
18688
18995
18659
18973
18784
18635
18860
19069
18774
18675
18815
18828
18718
18980
18938
18794
18823
18788
18733
18513
18839
18651
18847
18837
18814
18709
18630
18771
18662
18552
18312
18516
18637
18406
18413
18374
18218
17939
17605
17406
16996
16359
15399
14701
14622
14733
15445
15869
16574
17121
17531
17539
17785
18109
18321
18447
18493
18518
18721
18832
18381
18861
18701
18904
18692
18828
18779
18487
18811
18900
18696
19026
18969
18610
18956
18800
18873
19145
18671
18795
19066
19100
18907
19128
18922
19000
18694
19034
18862
18868
18674
18982
18988
18744
18717
18865
18929
18649
18703
18179
18285
18083
17873
17703
16994
16511
16400
16735
17074
17514
17920
18037
18305
18599
18710
18640
18822
18526
18771
18626
18906
18823
18768
18616
18654
18920
18542
18621
18808
18825
18935
18832
18972
18818
18875
18929
18844
18722
18514
18609
18586
18555
18512
18652
18331
18187
17877
17204
16997
16464
16163
16652
17021
17588
17986
18112
18382
18470
18607
18624
18342
18630
18747
18982
18798
18755
18682
18969
18780
18607
18791
18901
18798
18634
18819
18980
18899
19035
18989
18688
19111
19035
19027
18714
19034
18878
19042
18692
18745
18766
18699
18851
18668
18650
18952
18632
18811
18630
18806
18665
18405
18283
18312
18087
18139
17921
17527
17406
16661
16282
15673
14976
14472
14451
15079
15547
16353
17036
17455
17768
17960
18300
18115
18443
18351
18582
18604
18314
18633
18723
18912
18748
18827
18624
18830
18716
18714
18931
19123
18865
18940
18785
18833
18902
19154
18625
18553
18870
18644
18879
18779
18827
18814
18766
18826
18686
18728
18650
18816
18396
18859
18764
18511
18813
18951
18737
18637
18701
18682
18747
18220
18421
18498
18602
18004
18333
18495
18283
18063
18059
18043
17942
17638
17647
17672
17321
17432
17257
16645
16323
16253
15731
15389
14816
14467
14136
13948
13911
13730
14202
14500
14850
15113
15808
16071
16533
16559
17097
17164
17467
17598
17911
17758
17896
18058
18119
18083
18318
18424
18420
18623
18670
18648
18631
18468
18640
18698
18589
18412
18675
18617
18537
18838
18629
18755
18515
18826
18663
19053
18701
18866
18573
18587
18949
18605
18590
18620
18371
18851
18782
18709
18634
18830
18785
18908
18476
18844
18801
19009
18794
18731
18866
18846
18804
18993
18646
18902
18709
18819
18677
18684
18943
18744
18871
18782
18739
19090
18749
18753
18982
19153
