511
0
3816
2152
3744
3713
3596
3639
3659
3660
3627
3595
3684
3728
3668
3625
3658
3698
3717
3728
3614
3695
3636
3534
3717
3622
3599
3637
3654
3603
3625
3668
3613
3598
3812
3680
3763
3695
3653
3717
3654
3681
3700
3691
3603
3632
3604
3507
3620
3663
3606
3553
3555
3631
3693
3674
3584
3664
3707
3615
3625
3645
3537
3602
3635
3656
3680
3525
3581
3689
3587
3551
3602
3588
3671
3597
3660
3710
3761
3706
3644
3620
3522
3664
3547
3681
3621
3649
3657
3671
3611
3634
3717
3567
3645
3601
3760
3699
3578
3670
3618
3542
3575
3634
3645
3646
3562
3636
3636
3709
3727
3738
3556
3700
3632
3647
3613
3698
3639
3680
3666
3633
3653
3589
3602
3689
3641
3692
3625
3663
3625
3661
3565
3668
3754
3611
3737
3612
3677
3545
3599
3617
3560
3667
3598
3639
3604
3641
3557
3596
3557
3736
3632
3649
3578
3564
3614
3732
3737
3615
3681
3532
3511
3590
3645
3619
3628
3540
3764
3576
3541
3617
3538
3585
3575
3716
3607
3562
3596
3653
3595
3575
3500
3570
3617
3646
3552
3574
3618
3590
3629
3564
3563
3539
3763
3612
3565
3627
3564
3561
3594
3587
3494
3543
3621
3543
3505
3541
3626
3539
3613
3554
3592
3496
3502
3629
3581
3491
3642
3510
3533
3557
3616
3456
3582
3516
3457
3552
3522
3464
3385
3513
3512
3543
3501
3411
3375
3311
3441
3468
3405
3332
3411
3368
3335
3355
3311
3148
3278
3127
3207
3276
3177
3057
3035
3025
3042
2982
2907
2937
2846
2709
2736
2628
2621
2636
2588
2440
2462
2360
2464
2264
2311
2331
2279
2302
2195
2193
2197
2255
2301
2236
2218
2280
2209
2204
2306
2213
2152
2327
2272
2265
2335
2437
2380
2405
2443
2476
2535
2638
2628
2718
2595
2713
2913
2886
2942
2980
3075
3034
3197
3054
3084
3114
3195
3283
3210
3162
3343
3330
3284
3296
3413
3310
3317
3401
3385
3299
3450
3407
3394
3544
3390
3529
3550
3436
3487
3515
3514
3527
3585
3538
3631
3526
3556
3368
3607
3456
3545
3508
3490
3447
3520
3604
3433
3587
3543
3592
3551
3612
3616
3611
3510
3614
3601
3565
3611
3454
3656
3524
3562
3597
3707
3684
3624
3631
3580
3664
3627
3555
3579
3563
3586
3590
3580
3621
3489
3565
3601
3523
3797
3616
3530
3667
3665
3678
3673
3644
3675
3624
3503
3736
3588
3724
3613
3603
3681
3689
3632
3621
3628
3528
3663
3656
3704
3628
3721
3763
3626
3623
3588
3634
3612
3661
3558
3596
3718
3610
3628
3659
3593
3572
3713
3634
3702
3669
3627
3651
3707
3591
3670
3702
3604
3594
3676
3610
3657
3693
3713
3535
3594
3636
3608
3669
3618
3534
3678
3674
3725
3659
3521
3550
3572
3676
3595
3660
3677
3537
3706
3581
3593
3712
3561
3684
3603
3599
3702
3816
3601
3666
3698
3672
3690
3621
3712
3597
3663
3746
3626
3678
3644
3783
3658
3587
3605
3611
3680
3575
3674
3686
3658
3685
3793
3607
3589
3589
3623
3640
3671
3634
3597
3698
3654
3563
3612
