1024
0
1948
1051
1861
1870
1741
1770
1819
1778
1808
1819
1782
1893
1838
1785
1810
1869
1866
1817
1837
1819
1845
1725
1852
1828
1841
1837
1855
1797
1774
1838
1854
1804
1921
1829
1853
1842
1768
1834
1846
1779
1861
1865
1808
1831
1778
1740
1788
1870
1815
1762
1839
1829
1858
1823
1786
1877
1840
1787
1792
1845
1787
1818
1806
1814
1830
1742
1811
1834
1798
1775
1852
1754
1832
1844
1889
1896
1948
1840
1829
1817
1791
1822
1783
1831
1754
1840
1807
1820
1797
1802
1927
1807
1813
1793
1921
1878
1806
1815
1807
1766
1808
1831
1857
1849
1769
1816
1878
1860
1841
1884
1812
1845
1821
1854
1730
1874
1793
1849
1863
1806
1820
1811
1760
1855
1890
1829
1799
1840
1811
1829
1784
1863
1887
1802
1867
1812
1862
1788
1847
1809
1799
1844
1853
1835
1825
1817
1804
1813
1794
1811
1850
1852
1773
1805
1786
1862
1834
1843
1881
1727
1763
1787
1797
1828
1772
1759
1881
1853
1784
1800
1774
1762
1789
1871
1764
1805
1794
1803
1829
1796
1804
1805
1760
1844
1742
1756
1788
1790
1853
1801
1789
1810
1835
1812
1788
1777
1813
1824
1805
1728
1728
1711
1802
1810
1798
1789
1832
1724
1764
1748
1829
1757
1722
1843
1770
1738
1811
1783
1731
1784
1852
1702
1826
1761
1754
1754
1756
1743
1707
1719
1751
1796
1734
1724
1680
1631
1696
1752
1694
1658
1704
1744
1672
1641
1639
1556
1582
1513
1593
1646
1526
1537
1548
1541
1540
1496
1479
1511
1400
1334
1349
1314
1267
1313
1287
1176
1186
1169
1226
1104
1183
1171
1196
1146
1144
1094
1091
1092
1149
1074
1119
1216
1130
1092
1148
1124
1082
1209
1130
1130
1151
1241
1216
1186
1246
1223
1294
1304
1331
1410
1354
1356
1477
1475
1470
1509
1555
1467
1627
1502
1548
1554
1597
1629
1595
1597
1758
1675
1655
1687
1668
1658
1687
1758
1705
1639
1678
1728
1697
1800
1680
1793
1778
1719
1774
1757
1809
1790
1793
1748
1778
1803
1773
1671
1802
1700
1753
1727
1745
1689
1666
1832
1718
1803
1754
1781
1782
1798
1777
1809
1808
1799
1800
1795
1815
1707
1848
1816
1802
1789
1835
1846
1824
1850
1817
1804
1815
1810
1749
1806
1706
1823
1767
1797
1721
1729
1796
1826
1908
1781
1806
1796
1822
1834
1903
1852
1831
1897
1690
1882
1772
1853
1819
1818
1833
1867
1796
1800
1809
1813
1816
1866
1823
1831
1927
1843
1830
1837
1753
1775
1825
1856
1747
1822
1827
1775
1776
1754
1836
1798
1849
1847
1807
1878
1772
1808
1858
1812
1861
1799
1782
1773
1822
1824
1859
1823
1859
1776
1792
1842
1764
1849
1802
1707
1894
1860
1815
1830
1752
1779
1784
1839
1824
1850
1789
1781
1865
1816
1838
1810
1824
1799
1756
1827
1841
1908
1813
1810
1827
1816
1819
1804
1867
1747
1800
1892
1721
1855
1844
1877
1756
1816
1725
1843
1861
1749
1880
1864
1801
1809
1886
1758
1793
1780
1770
1771
1825
1804
1794
1794
1807
1792
1865
1859
1747
1771
1847
1904
1803
1830
1846
1869
1853
1809
1796
1849
1907
1876
1857
1822
1794
1826
1819
1768
1880
1771
1902
1906
1800
1823
1905
1854
1863
1850
1845
1817
1871
1856
1871
1856
1788
1908
1861
1772
1847
1885
1737
1902
1755
1765
1841
1756
1888
1810
1771
1837
1788
1771
1769
1829
1910
1814
1784
1827
1816
1820
1844
1794
1802
1759
1854
1870
1798
1786
1854
1821
1822
1903
1809
1779
1849
1843
1855
1791
1895
1787
1864
1774
1757
1905
1852
1835
1891
1774
1811
1805
1787
1859
1835
1786
1796
1920
1794
1797
1881
1790
1847
1715
1819
1821
1836
1822
1848
1785
1794
1871
1816
1854
1813
1727
1844
1792
1770
1844
1843
1871
1724
1835
1889
1697
1805
1836
1768
1824
1813
1767
1880
1757
1830
1745
1812
1860
1763
1781
1800
1838
1872
1808
1760
1708
1808
1747
1796
1770
1801
1815
1702
1802
1839
1814
1769
1811
1789
1784
1715
1772
1854
1758
1745
1781
1792
1756
1805
1697
1783
1723
1853
1790
1792
1737
1705
1758
1713
1717
1772
1736
1710
1744
1697
1679
1772
1660
1680
1643
1630
1652
1745
1609
1629
1655
1585
1565
1615
1654
1598
1560
1536
1552
1570
1567
1520
1471
1472
1411
1436
1357
1241
1308
1297
1334
1241
1253
1197
1219
1164
1196
1184
1135
1142
1118
1070
1089
1158
1112
1079
1064
1099
1162
1152
1163
1106
1099
1051
1156
1083
1160
1128
1160
1238
1191
1276
1264
1301
1323
1354
1314
1387
1375
1446
1426
1428
1486
1502
1484
1487
1520
1651
1630
1614
1614
1696
1592
1672
1714
1663
1624
1707
1674
1711
1716
1745
1680
1695
1687
1767
1747
1761
1794
1678
1721
1766
1798
1703
1755
1756
1754
1764
1773
1802
1727
1831
1753
1811
1786
1780
1739
1763
1806
1849
1815
1794
1752
1707
1733
1819
1832
1766
1859
1789
1737
1751
1850
1777
1800
1928
1729
1774
1763
1776
1800
1830
1818
1810
1802
1857
1765
1696
1779
1766
1850
1802
1757
1843
1845
1786
1823
1764
1817
1757
1723
1883
1781
1856
1791
1848
1803
1748
1805
1800
1772
1903
1870
1828
1759
1805
1797
1782
1925
1763
1783
1753
1824
1779
1804
1745
1823
1761
1808
1752
1757
1815
1800
1870
1809
1867
1805
1781
1832
1814
1823
1826
1863
1751
1834
1842
1778
1833
1827
1803
1831
1846
1824
1883
1793
1811
1855
1744
1854
1886
1849
1758
1820
1793
1797
1788
1803
1767
1776
1811
1855
1772
1821
1839
1808
1832
1760
1790
1832
1814
1851
1850
1809
1867
1850
1764
1842
1731
1803
1815
1866
1813
1814
1771
1753
1839
1834
1750
1776
1789
1855
1770
1783
1850
1842
1829
1784
1750
1800
1833
1828
1867
1787
1798
1851
1835
1802
1716
1791
1791
1793
1832
1767
1826
1801
1795
1826
1839
1902
1808
1883
1885
1853
1910
1851
1891
1794
1759
1830
1851
1806
1799
1800
1758
1794
1865
1809
1791
1876
1777
1911
1851
1829
1848
1840
1830
1835
1902
1776
1819
1882
1840
1869
1855
1843
1883
1716
